16,6
464,160
0
1,44,6,3,9,44,3,3,44,44,44,3,9,7,0,40
1,6,21,9,43,43,39,39,39,39,39,39,7,20,21,40
14,26,2,27,27,27,27,15,26,26,26,30,26,26,26,14
14,6,6,13,43,43,44,1,3,3,21,3,9,6,6,6
14,42,44,44,13,3,3,1,9,3,9,6,3,24,9,9
14,14,14,14,14,14,14,14,14,14,14,14,14,14,14,14
doors
5,2,432,-40,416,32
end_doors
miscellaneous
1,32,32,1,1
1,91,98,1,17
1,155,128,1,1
1,219,98,1,1
1,283,32,1,1
1,347,32,1,1
1,411,130,1,1
1,475,98,1,1

10,480,16,0
12,480,32,1
12,480,48,1,7
10,496,16,0
10,496,32,0
10,496,48,0
end_miscellaneous
stair
2,152,128
3,56,32
1,376,32
end_stair
enemies
end_enemies
