16,6
32,80
25,24,24,11,24,24,24,24,15,24,15,24,24,24,24,56
35,65,24,15,24,26,26,26,15,65,11,24,24,26,26,52
45,16,16,31,24,24,75,75,11,75,11,24,65,16,16,62
25,75,75,11,16,6,36,75,76,76,34,16,6,36,65,54
25,24,24,15,75,11,46,36,63,76,15,75,11,46,36,54
55,6,16,31,16,31,56,66,83,76,31,6,31,56,66,7
doors
3,2,32,160,96,170
4,2,352,160,416,170
5,1,480,32
end_doors
breakable
1,1014,144,1,1
1,1014,48,1,1
1,1014,36,1,1
1,1014,112,1,1

1,1014,139,1,1
1,1014,155,1,1

1,1014,36,1,1
1,1014,144,1,1
1,1014,20,1,1
1,1014,48,1,1
end_breakable
stair
end_stair
enemies
2,136.f,112.f,50.0,50.0
2,395.f,112.f,50.0,50.0
end_enemies