16,6
128,64
34,4,64,34,63,63,34,63,34,63,1,4,64,63,1,54
11,24,4,15,63,63,15,63,11,63,11,24,4,64,11,54
15,24,24,34,63,63,15,63,11,63,11,24,24,4,11,54
34,53,53,34,14,53,34,63,34,63,34,53,53,53,81,54
15,63,63,15,44,74,11,73,11,73,11,74,73,63,11,53
5,5,5,5,5,5,5,5,5,5,5,5,5,5,34,5
doors
3,2,32,-40,64,31
4,2,352,-40,384,31
end_doors
miscellaneous
1,32,36,1,14
1,91,36,1,1
1,155,36,1,14
1,219,36,1,1
1,283,36,1,1
1,347,36,1,1
1,411,36,1,1

6,464,96,1
5,448,144,1,4,347,75

1,491,36,1,1
end_miscellaneous
stair
2,88,32
2,440,64
end_stair
enemies
3,50.f,160.f,50.0,50.0
3,175.f,160.f,50.0,50.0
3,300.f,160.f,50.0,50.0
3,425.f,160.f,50.0,50.0
end_enemies