24,6
48,160
0
16,37,39,39,37,0,0,0,0,0,0,0,0,0,0,0,0,0,0,0,0,0,0,16
16,39,39,12,39,0,0,0,8,8,0,0,0,0,20,0,0,0,0,0,14,8,8,16
16,39,39,37,39,0,0,20,1,42,20,0,0,0,28,8,8,8,8,7,6,12,39,45
16,39,12,39,28,47,0,36,32,0,39,20,20,8,34,10,39,30,22,37,12,39,39,4
16,39,39,28,39,7,7,12,37,37,39,39,28,30,37,20,39,1,42,22,39,10,30,16
16,16,29,12,12,36,30,30,30,36,20,30,39,32,30,10,10,32,20,30,30,39,39,16
doors
1,2,94,194,96,192
2,1,736,64
end_doors
miscellaneous
1,155,64,1,1
1,219,128,1,1
1,283,128,1,1
1,347,128,1,1
1,411,96,1,1
1,475,144,1,1

5,530,144,1,4,411,96

1,539,144,1,1
1,603,128,1,16
1,667,128,1,1
1,731,80,1,3
end_miscellaneous
stair
3,56,128
1,88,128
4,152,64
1,376,128
4,408,96
2,632,128
3,568,64
end_stair
water
end_water
enemies
4,110.0,42.0
10,368,160
10,656,160
end_enemies
